1153,1489692377
320,1799878206
1675,1776088411
2017,1212220435
771,51245830
1595,1098193842
666,991810563
258,1590079444
292,824272813
1584,173506518
883,1364090032
430,552910253
341,155789224
39,1656478042
966,1043388777
1983,2074216439
1612,321869343
561,873524566
1627,1390387708
1262,1835342733
689,1421186593
194,76065818
1013,750167716
1837,1189914410
583,2037770478
1942,957426576
608,1026413173
1405,888482339
1878,251836754
294,2025187190
30,1101513929
1886,2122466788
390,648031326
1133,990526343
1351,473903566
1918,1470796522
1679,1999337836
1840,897534569
2026,202019540
1545,104852634
1281,933596911
722,1255387090
2042,1752327934
1745,729568616
675,629593614
812,1633938701
1288,703571522
1447,2133584523
54,1911759956
1196,962980710
204,1432114613
965,1031126087
1485,1623804486
1079,1978701535
1350,1510906527
361,915256190
950,1287726651
1442,1316505735
121,270744729
821,695748720
595,983631233
1799,612816071
2040,966071161
1580,1233114544
1775,1475952280
1589,691451546
1481,1031207394
1228,1282291499
1058,158136104
1500,1559382853
2021,257009719
470,1113502215
1719,1322710936
671,151519934
1395,1220585472
137,1703964683
843,343945053
1451,689442530
1944,1889537797
1429,1364180570
315,1469262009
1601,2078480869
1532,541110115
1492,1508976505
945,1610009097
871,476152433
1199,1259577690
877,831768825
1798,296528780
720,1260596963
1275,75245562
159,1760243555
1697,1607500335
1771,625321929
243,654887343
2024,1135787096
339,555996658
896,1813080154
1573,888830763
1637,1891066487
1016,737703662
617,427355115
1200,1881049613
1516,959162035
2019,1896870037
949,584522071
624,1210359231
1995,531352976
824,174515334
776,1761250573
473,1543755629
2001,388450127
635,962033002
999,1143565421
1933,20336956
523,696947386
1920,1921376925
899,1431742587
991,1528806445
371,292218004
1721,81458260
872,1694887982
997,695466127
1813,1019382894
2000,184794536
1852,824722490
970,629580952
943,223712350
310,995706887
753,1290127955
1935,2070707654
632,1905241081
89,1474612399
1684,1279820114
579,993967637
941,1867107722
87,1918502651
1342,1538026652
985,2135019593
1104,781098823
1860,33165457
1316,1756098480
742,952062949
929,1663080928
842,972058109
1201,1105629391
1152,1330301183
1632,2044554163
627,738393740
1035,2078107280
311,1823089412
539,1314218593
378,1858721860
412,1329132133
1486,110993018
79,760313750
1939,916768482
112,959997301
1949,1090438014
645,1605539862
10,1025202362
880,1823796892
1507,1558581086
1709,745792349
1788,1945891638
754,690367770
1908,531900034
1946,1767125139
1166,522971726
433,1795519125
50,1129566413
1510,1175989877
677,1959343768
1806,988506952
746,460686763
2048,279527351
1739,582972798
63,1827336327
451,31308902
1787,894869401
1897,1634296630
1419,942581876
383,1520223205
1880,1656241707
536,1874799051
588,470591100
1861,2018373832
1477,700287639
179,1760281936
1349,144874089
908,1412277685
466,1144522535
223,2086206725
72,939819582
526,1369602726
184,1476153275
1077,1880346039
172,8936987
1084,1092637289
774,628966950
732,1155722604
1956,1410681417
1695,1089966067
1142,1970090192
1859,1131189562
1623,313823293
1738,466647227
465,12895151
596,1675518157
442,430253414
198,1875335928
351,570073850
1955,1823025015
1841,1566586128
1283,1230769829
226,1544617505
1822,405201937
2004,659067697
680,74552805
745,714880226
238,1789376348
1561,1308581515
1216,2042010569
946,856363827
849,992028067
1648,1781485213
1092,1550101877
1261,304505404
373,11614769
887,1242990415
438,235649157
347,195740084
1645,2011662880
1307,962764794
2027,104221117
379,1548348142
1903,339980538
1576,993683397
155,168002245
1388,30387226
478,136495343
1513,1482841197
1975,1805816260
1072,769304465
321,1555319301
287,1973387981
1212,1855843024
1817,1973521090
1315,1777288820
167,269441500
1050,1928189300
829,1891252715
1097,1450099355
796,1242561041
823,279121308
14,2044897763
247,87755422
1230,1759007339
1826,1182176620
1622,256363941
960,528433890
1240,532495011
443,861543921
1650,1245466382
1585,31797565
170,1869470124
1143,1348361729
1325,1987106312
743,577721120
1375,286791631
728,1566369633
1124,592456289
46,1734575198
7,1649760492
507,1175526309
1474,1704841123
74,1998898814
175,387346491
1392,65120356
1001,1375179334
424,767066249
260,1977648522
565,1745790417
302,1953443376
1754,204428608
417,212251746
1546,1814634316
1370,1642663198
160,1231192379
2036,2105210525
282,1776808933
1365,535286141
1363,1588695568
672,845563291
131,498777856
1311,338346092
1287,1857300821
1012,470631541
1009,953691761
275,620145550
1063,1794292538
220,480298490
934,384370888
1929,859310840
298,1704365084
450,1192707556
793,1626250262
2047,1595154931
622,126401947
1254,331016259
862,833215350
1746,1183912267
1824,964263748
232,722308542
572,1376035217
1087,616734673
1866,7426169
1400,78417603
698,1500474762
487,561717988
1553,682736626
1708,478307629
815,1815209933
1291,418646579
1502,1010764797
2039,69114447
1132,1172063133
766,2059344234
700,1941727088
1279,1260995960
532,1010528946
0,1804289383
447,828388027
562,37487770
564,1232056856
1030,829570037
422,1775473788
939,216220853
1796,991505661
108,1330573317
903,219544266
534,1708302647
549,1106059479
773,1046370347
1723,284665220
1593,1933084303
1611,421825361
1285,1005418816
1461,266222407
1251,1560890244
1756,1904251768
570,126107205
210,1395235128
334,1065311705
833,1135771559
1006,576994985
616,802205057
1831,688852786
925,61101360
239,502278611
1385,1541417540
911,1088590930
1403,922587542
884,1108399134
1125,1176225844
389,822262754
902,1907895021
471,860516127
1137,2053232475
1812,1287572525
124,2114738097
22,294702567
1907,2085308422
1150,38649718
1057,1337434154
1218,1237979969
1733,309667127
1259,819485269
1951,1454580282
1369,4744263
1647,1051402293
721,362575055
1619,194064088
912,1671735990
1876,869921280
1266,1196774315
537,1426819080
598,1943003493
841,454333378
1809,1855103807
1210,1367209095
115,593209441
702,1615935710
614,1858504292
878,1604765404
905,580508860
1303,1211721386
1814,1758179117
1538,2020432100
345,619054081
27,233665123
952,1936060910
1479,1764892438
1932,855320512
95,1984210012
514,1061730690
794,1669679262
141,2040332871
117,894429689
403,1137949908
106,1376710097
1791,1368062958
914,305197314
1930,1654844049
1657,1821115873
1705,1942481690
1801,547772603
1249,1692786742
1469,1339388427
525,1265204346
1968,339335164
889,63299708
218,159259470
882,1534230297
1338,763148569
1501,1603386966
834,670752506
994,1799560997
498,337453826
1380,1131352346
989,1779289672
784,181271232
234,933110197
1270,100669
272,1238433452
1157,1450238957
55,749241873
2005,1777483316
569,2137100237
348,917679292
850,180785147
1493,1160063179
19,1303455736
66,805750846
418,1983690368
1220,1690492373
1888,1681545190
1747,1538128223
1836,755526127
1607,1813511382
749,1467963981
1257,1845636353
1308,1912163036
1329,724025165
34,1369133069
1023,610486506
1020,1887665154
370,1927495994
790,1862875640
169,116087764
43,1914544919
1802,1238138000
867,873199181
150,1373226340
789,2064945486
787,1312630443
1404,44470216
1206,1715207829
810,372160269
1331,695991608
1197,984124220
333,1756915667
711,292423943
809,595311776
1290,529302443
309,1057418418
77,1585990364
806,1738909365
1490,1060494695
1366,1389079342
1093,752704313
1526,777635325
1512,1704572553
191,1884661237
1394,832077645
29,468703135
708,217871137
1662,322334813
225,1172755590
770,94307398
778,1003886059
2050,1344541320
736,441767868
420,1034514500
1959,54449299
1943,1401262337
1247,1456339643
212,1351797369
278,707900973
322,382697713
459,1974806403
890,1623380595
414,501772890
1688,29860596
881,1785550551
385,1017679567
1498,307571472
1444,1221389873
453,820697697
1770,251243823
717,1986894018
1377,986478257
587,1152645729
496,1900553541
1563,25222833
1551,608034986
343,1389867269
1289,2117303605
1506,570840516
1663,1684259683
1312,1604665417
855,1862292122
1555,1565306616
2049,40776180
563,1541027284
1839,1041356631
1566,487073847
203,2112255763
1707,1137638147
1870,1179529128
716,120306710
1760,1569654968
395,114723506
254,1308044878
185,213975407
545,70788355
1693,1917104697
1664,880492499
788,199411898
454,655858699
1536,505185185
262,1402586708
1519,1453048498
1540,554602408
559,887077888
910,476564285
494,1402961682
456,559301039
62,1937477084
1997,413892161
1298,1651574882
986,1151297278
1018,202550399
662,2033505236
1358,363304213
2053,1460775827
1634,2049197811
726,1130698571
639,2073785404
190,1239036029
488,1407392292
886,1078898506
483,1219407971
1518,1686518107
1644,1435525339
362,1782280524
1455,1551291986
697,1725138377
182,1244316437
942,1304811783
290,260152959
336,846811127
1174,28264029
1923,1217038602
1535,461851014
80,1477171087
522,2009726312
103,1975960378
1187,1024027583
423,624549797
2046,1760481135
524,1877565100
1869,717032538
1367,442982639
729,483689685
41,1653377373
769,772970072
856,134591281
280,2113903881
1273,67974802
1902,512976554
3,1714636915
1489,1242754098
566,1251300606
386,1857962504
501,1450956042
1550,649022765
974,620089368
467,1812282134
116,1194953865
1712,523782140
1899,699045063
704,1738110294
76,610515434
1300,550804899
1825,1752143421
233,1820388464
391,1411154259
1054,394709364
747,1630387677
4,1957747793
996,1446648412
1292,274325361
1967,543906158
1225,298167279
1431,1170132540
1075,221713886
1111,1567022181
49,2038664370
1947,318333694
398,1486222842
12,783368690
1858,1597272000
1543,111691313
673,1066077375
873,803590181
1900,203845520
211,532670688
1323,1090099484
779,168057522
2052,297785900
1462,99568484
1045,2083149517
576,1353436873
338,1307565984
508,1586903190
734,2000419805
1256,1684677418
1597,574596534
988,1000372555
1183,1812718902
1169,896925393
1286,1424321892
718,1007277217
1055,472131489
353,1635905385
1328,145186709
1652,1974571475
1239,625843881
1521,599529154
1128,478841551
15,1967513926
827,1417076376
723,1022963858
1912,132629780
936,951426815
1340,1718264801
513,2004504234
1096,1186994949
1491,728149010
375,1662981776
813,207621703
1844,438485374
1468,1199420528
894,420687483
1457,1017565625
688,431530126
219,1359512183
1877,167368542
1130,972125383
1318,1487105994
1179,530406424
1528,1591564428
425,1886086990
1557,546389569
1511,2033261900
1235,359147515
1749,1818084292
186,1139901474
922,1787897525
1053,900104667
651,1338299904
1478,102524643
1427,1727952741
1759,1562887660
731,1360613073
719,551836836
682,1747844822
1359,79065186
249,1494613810
620,1452888574
8,596516649
1162,698312496
2022,266795367
97,1749698586
1406,1209379174
1999,1455252833
502,1941690360
958,627992393
1952,502390523
2028,1184726095
193,1350573793
1056,1671581032
1384,943190495
1514,592962932
480,402903177
543,318561886
909,2033669086
1554,1916237892
568,1025125849
474,1722060049
342,231602422
165,438792350
208,1909002904
1237,1987519915
1656,1845716951
1835,95266356
1789,1810713171
497,400000569
1883,333480550
2033,327727208
331,1335939811
1807,614340012
1386,1245036421
1641,1851445950
1021,2118801173
1556,2054306629
1973,270617569
897,1579068977
2003,101072999
273,1273911899
1134,1840019304
1113,14933990
126,1469834481
127,822890675
678,1215828993
852,1687776787
981,1664423428
1159,997276125
601,2069110699
1295,129834447
123,1633108117
153,289700723
263,552473416
1019,1738076217
1517,703955951
1119,1372668364
1224,1683932587
449,332266748
350,1253207672
1304,1719650353
1598,701539807
1914,374138644
303,1876855542
1606,1989352324
1229,16922351
1376,1992865128
1002,1539942439
1078,411826969
755,1434433518
1154,1116945487
1252,657103124
279,407487131
1341,839425676
147,1573363368
1408,1874960596
384,452867621
1027,1833488263
1190,2021303708
1591,62299853
1626,1412017135
1768,1768794057
694,733327814
1583,1038828826
531,1297893529
457,1395132002
530,564325578
1437,1154615609
1036,234576987
1931,995097051
1850,861838989
612,452456682
971,396377017
78,1374344043
174,1275373743
1864,1530130017
609,773319847
1074,1968922326
253,396473730
581,1826620483
801,1691449122
317,298625210
1525,1371570003
1564,1245644428
1803,1660038320
1118,379461075
962,646755199
1797,654829090
1209,692458743
1529,1085206797
1649,1967632854
1175,311269559
1523,1308202906
775,1520982030
92,1411549676
1149,1490549207
1548,808808585
844,661955081
956,989241888
346,711645630
951,146533149
1494,1337856142
468,1328104339
1109,625040140
1337,1047196295
930,610506582
171,155324914
2,1681692777
1804,216272000
1882,1459834400
1885,979601485
933,370917955
1423,627510635
259,434248626
332,1797073940
1413,1518260757
1991,517408978
1180,482417719
1772,1230674396
201,1597322404
61,2084420925
785,525829204
327,774044599
550,241909610
104,317097467
177,841148365
1114,1499150323
11,1350490027
1414,2003980519
1690,1594769883
1728,1806119540
1857,701943705
1496,1204868098
979,96055805
1936,384868448
304,1069755936
1106,213213171
408,1023457753
139,1600028624
669,216588711
1347,1198720172
281,7684930
705,406011017
517,1717226057
1819,1184622626
818,980356728
1568,1693485026
1327,263419017
1996,1115917669
1774,5631942
629,1983614030
416,150517567
1671,542314107
48,149798315
18,304089172
940,699460008
780,410134047
1321,2016408437
685,2143124030
305,1237379107
1972,2063762111
1466,1029621931
633,2004187516
1988,1386099901
1558,234799752
1453,1114646704
360,1197352298
864,1370973813
261,1470503465
1838,709606368
1762,1318141009
307,588219756
683,1617876982
975,1736491298
1879,346502533
6,719885386
1863,2059643461
257,705178736
1701,566112132
217,496987743
1450,928682751
2029,1277278674
1204,1384079421
1309,671068506
1048,44041351
764,1140384172
811,2013725218
250,1447267605
1393,1731190952
1790,310273413
300,638422090
1373,1033206202
1495,1616916066
2038,291079690
125,2007905771
1868,1063880569
1064,1209734969
1587,80329499
215,680466996
1820,1636750614
992,870305000
738,861109485
135,1572276965
227,243268139
1464,107939561
1588,578187134
1189,995234140
1439,457676440
1176,1600206898
1360,1360478499
1463,609707131
904,1030313563
1990,1976714674
1024,386839851
1610,1468519716
626,40610537
330,1950955939
476,328298285
915,632651476
252,745425661
1245,1322623287
1713,936621968
1578,989230775
751,1814887560
1211,1589513899
1692,209473567
1033,222028828
1326,1219933931
197,1987231011
1158,1554725062
691,703550253
435,474613996
230,2027907669
181,1186452551
1730,1953534826
1833,1659239833
1961,138700754
1472,1042517543
2037,1229999242
835,2025554010
1422,185963953
1954,524135236
542,1156541312
1145,1321756868
1537,2028720897
978,376696776
335,719346228
402,1242608872
146,1713258270
1339,1199680559
1421,2025251990
1635,716898500
1716,1292850339
1890,88639634
21,521595368
400,255789528
957,1012836610
2031,1369520631
825,811742698
367,1371499336
228,1012502954
1624,1940022924
1163,717293418
1066,1724916170
1704,919785523
366,1566288819
1418,1069117832
60,511702305
861,235202254
1264,2002992734
352,1414647625
1917,349121784
86,491705403
1242,67874133
860,1992576590
1966,2057337242
1253,1386510139
316,1562402336
1978,2124149955
1646,1391927494
301,1943327684
70,1141616124
895,1669475776
591,1001089438
1040,672563970
1234,272312086
377,246247255
2023,1818150212
918,1875641892
401,1266235189
162,111537764
983,1849552528
931,164826621
1186,1587992726
932,1889804310
1919,110341087
388,213801961
803,217927335
786,1527622954
857,101323875
1715,1803602255
891,1287859999
421,484238046
440,1679895436
132,1255179497
634,371653516
1685,356228371
1426,1848096107
24,336465782
574,478034945
419,364319529
1091,78374295
948,846621269
295,1967681095
1424,1608959295
2008,111387570
1402,707255825
1682,2094613281
1617,1917305981
1051,1931706506
1905,364531492
1268,1947691087
1927,955798986
1849,1488873165
1779,242639747
392,1737518944
987,1434322197
1314,1569115921
1356,2081362124
1691,1817049764
1378,1485511804
1976,1602182790
1938,2008532428
2041,1540232676
1642,551008693
71,84353895
244,1529195746
1676,217852623
1659,616716465
1625,343886628
1004,1162088421
221,1398295499
1026,942724790
1569,360022300
1141,773446912
1965,237140292
441,1545032460
33,635723058
387,201690613
1123,1868423919
65,1159126505
1891,1714710647
959,481928577
84,1780695788
865,1503967857
1277,1028363610
1086,404259631
1017,108375482
1815,278190158
710,524305153
618,1388391521
799,1981208324
503,410409117
1970,1460674641
1126,333293469
759,550245196
113,485560280
1781,1579952366
393,282828202
1846,315813605
1297,305564045
1982,442482781
984,445080308
356,1896306640
1609,831099451
1994,504038566
2012,141413008
1011,1402492972
1974,861746410
128,1610120709
40,1131176229
1398,1663568111
382,2118421993
1244,1561812722
1503,454416748
1586,456651794
1661,1396768681
136,269455306
555,826047641
1112,817572761
928,1640170337
1851,1113331867
1668,2115115464
1742,1564739221
1758,1595371198
1594,87522686
604,1204275569
657,435889744
94,943947739
1714,1312313043
297,437116466
1115,1910210050
1720,75191653
1101,929588156
434,661761152
1082,1762924393
1889,1572255140
1458,1131761079
36,1059961393
621,1280631491
1039,1723578341
1098,2056665155
1147,813465002
493,1887658390
1222,1984498433
23,1726956429
739,659639006
1029,1688323172
760,157272379
1873,1219377470
586,716334471
1784,1138101281
2044,1084384795
100,1036140795
1465,44804919
1099,1340157793
714,1910300925
1436,730199492
879,2006138722
53,1424268980
1165,390848153
1497,219994425
1620,461273879
1131,1848520019
885,1341443181
1122,1451042659
1499,256804978
1748,1992055382
1969,1918386023
1508,1268409912
1357,636453333
1924,1320634492
748,554290596
1571,100603786
364,524688209
67,1632621729
1198,649785905
1530,1073781763
1898,963964191
763,1312994984
1061,987706141
1678,680007057
1539,1773595097
1926,2042830296
1577,2026929416
663,29777560
1293,217161528
1003,987987334
407,1908518808
1631,1853101996
1867,138172497
558,309198987
1272,660916487
762,1910858270
1416,912194650
176,350322227
1958,631340353
1412,1396342013
1167,52775474
1605,1456748696
1717,1262486766
664,345367818
1085,10150109
1894,1626870461
1638,382926234
1160,1692713933
972,6072641
1435,419914800
1155,1922757472
1582,263043320
1963,2134113236
2007,113766839
1171,827385948
1371,1153263590
164,2147469841
469,1380171692
1232,1122551742
913,2010794583
767,1582152040
613,1302539390
863,1280311131
1280,573666704
737,1122336503
213,492067917
357,1343606042
687,1124311574
839,1105816539
1140,530788967
552,1095966189
1615,495375861
1094,1872666833
730,567304789
96,855636226
142,112805732
1415,192048860
1750,713355511
1828,259488863
1409,547407330
1628,918483162
120,221558440
206,352118606
329,2001229904
1364,1155465115
647,586235379
1998,1075259134
1575,1793256508
963,270754552
1767,1815754673
484,2416949
1161,379366797
1110,399493245
750,34740865
242,1034949299
1726,1374631287
1448,127052251
229,1272469786
707,114760235
359,446340713
578,1584710873
445,932026304
699,1464415775
444,677870460
874,820097487
1116,25084100
822,1289547084
817,1487053959
869,1240554603
216,706043324
1694,1353825800
656,358984857
1335,1947867422
380,105575579
1700,96617457
85,709393584
1832,2026478004
173,1982275856
1428,1091714937
2032,1665728802
1621,6938620
1559,1498387409
1654,409098738
1986,1749757806
804,590335821
998,745598382
1727,1992232983
606,1336092622
686,76593093
1910,284327308
2034,1470593630
1565,1812247776
1301,1651675551
1856,871700699
1336,1435001171
1780,860144854
1470,1295815494
772,10901063
725,1988714904
1417,1101533292
1205,2115227667
506,1866000081
1471,753959819
224,601385644
1572,1408960629
365,700108581
650,1859031536
546,1505193512
1737,258219170
1185,895873480
1032,916018859
504,847228023
93,1843993368
575,471990783
2006,1906889260
1248,2017881519
2002,915736906
1073,1998994314
649,262692685
795,14989683
1443,950881304
520,1411328205
610,1404196431
868,1766146081
1552,1953197930
695,107734713
28,2145174067
1396,118993446
1203,1403938270
964,1609416931
1527,816976784
1090,1607774548
1333,551201745
1144,788380902
1031,301373537
318,1295166342
1892,1443145325
499,1081174232
288,1642548899
308,1856669179
268,1473442062
1108,1720185677
1818,1173059560
2010,1249152986
1984,511583958
1076,1934660183
1504,2068224547
188,653468858
577,1983228458
1322,730832933
807,204102747
1570,1376941062
667,1392740049
831,452825171
638,1372261796
1862,1820042348
920,1447395528
1823,553918865
119,1947346619
1420,562390279
1534,1457880381
1800,429363923
1845,1798027458
1387,877068972
961,1238498976
1603,196095815
1871,1961415139
640,333582338
1599,1143849810
993,415522325
122,1063958031
277,619290071
1483,707184680
1658,1010014811
246,1335354340
458,1186090428
2015,652996966
1372,844169939
1460,234262547
851,1675575223
1773,1815983044
1069,2067062760
1022,1119399015
495,672655340
1319,312186354
325,260401255
1236,1666231349
1865,2021449807
876,1735079296
270,238962600
1391,1390865725
16,1365180540
482,1503885238
674,937558955
245,392035568
832,1435218189
475,1455590964
1971,1607967721
846,11671338
340,324763920
1296,177332700
349,2006811972
405,777210498
222,1096689772
1636,940472515
1777,1189544209
1753,1705632563
91,1264095060
797,1581539848
285,937370163
805,513937457
178,1960709859
1246,454806773
597,1645933681
1399,1701475883
1195,597010431
376,630668850
967,413360099
477,70636429
706,1269400346
802,2032454154
68,1100661313
1271,332702450
319,1057467587
1015,915711850
1816,1386214636
518,1748349614
592,1899058025
1522,33713861
149,2077486715
557,970925433
840,857490000
594,394633074
1618,575705360
1533,2084546560
791,356684278
1843,37623446
735,746349250
452,816504794
1071,825726814
69,1433925857
1950,428674782
816,733450907
1353,94255812
200,2103318776
306,349517445
1067,1444311956
898,395191309
354,1046741222
529,1707056552
161,1622597488
1660,1787189168
157,439493451
267,1884167637
1188,198628789
1120,318322042
1310,76277107
1698,763447433
1520,1946710049
399,950390868
436,425245975
1853,1267040926
1052,85291638
1541,1048938329
690,1502781486
31,1801979802
463,669908538
642,1894519218
643,786039021
580,941804289
709,337745691
75,1548233367
492,1433102829
1921,1559436157
1083,2079611790
2043,1107484169
1875,574620392
1960,1278792724
328,697517721
1681,1925473439
602,712633417
1744,245277883
845,931489114
26,278722862
82,945117276
573,1282648518
1794,1346941484
38,628175011
20,35005211
52,412776091
1348,1805613091
603,864101839
111,660260756
607,410228794
1962,1049546350
1686,2097657371
168,2142757034
1544,384295879
413,1280321648
1602,1244453596
489,1841585795
1010,507578762
1795,628257755
235,6939507
1223,917609663
143,1120048829
1769,1922018481
13,1102520059
665,257675105
926,1267889618
712,1265122573
1979,1135386147
777,1089653714
1980,1571825916
1778,866596855
1911,40658094
906,428903682
426,739273303
1640,574682290
1265,2107654819
938,1390543437
923,1745897490
1324,86086317
1121,1987235624
995,332238283
1088,1347584264
500,1780172261
1702,503615949
556,1369356620
1608,1336194465
251,1369321801
1362,775056794
1397,73673339
1005,12548159
1207,836802671
1164,1369893141
2020,1445834946
1696,2141153674
1484,2145854098
1243,240854387
554,1748806355
209,165344818
1724,1998562957
397,1676902021
1925,1304438548
240,1450573622
1766,1455371254
1666,253674535
1438,309766496
411,1129033333
1945,1331565220
439,1448703729
207,1782436840
1425,1018041598
1524,1759592334
1346,805251743
1148,1077683174
1547,1343457914
1847,1824700010
1722,992277052
1202,2086963638
144,378409503
655,606199759
102,2040651434
1215,213952386
314,387451659
600,1635550270
1100,1369678468
409,364686248
792,1022089159
853,1470332231
255,1346811305
148,1409959708
1250,1549495354
1068,153162844
1614,1460654187
1651,95275444
1735,1476492728
237,1285228804
1855,1788986238
83,1889947178
900,672139932
1374,181226513
64,572660336
427,1750003033
2035,177312851
740,1460082195
396,982936784
140,160051528
1776,398068012
286,2058657199
1763,2126362173
1596,1597848432
156,150122846
1848,1624064901
1549,1353668775
1,846930886
696,1646478179
1755,1750621862
1680,503458793
1255,193552063
1953,106242869
291,1472713773
1515,1702943003
1139,403068011
1221,1111800030
1267,1521740435
1731,1902736997
1683,330546620
2025,770833934
81,356426808
593,2077211388
1765,1510574887
1432,375444584
1276,1390598089
1168,296596980
1633,1631207466
1227,499429649
1107,568275358
1361,604263370
1785,366831742
758,537322532
166,1911165193
1138,373953666
107,927612902
323,476667372
1025,771476364
615,235745791
44,608413784
870,1979015720
158,990892921
1948,1680687005
2045,1214790563
1981,405341089
599,553160358
1135,1953161956
1782,162403134
830,1250801052
129,791698927
505,1516266761
619,1272796157
519,1276673168
1334,1907712995
1567,1750829613
1743,1527793660
45,756898537
681,927376882
1441,1850612763
768,738647283
1282,674402557
372,882160379
455,1583571043
461,1739000681
582,2045826607
1665,224048977
1922,1825051735
56,137806862
296,1850952926
1993,878777377
1177,1139352160
368,2114937732
935,772634225
859,380390179
553,104152274
1613,1731563037
1037,1866355856
892,298501962
199,1784639529
1673,353673391
2051,1725362297
590,2039723618
551,1051858969
1989,233614511
973,1934392735
114,402724286
944,1730418657
1181,1163384280
893,309112297
980,2060975266
1653,1501830323
1047,190113083
2030,1559473950
274,1431419379
284,404158660
1430,1281944976
1440,1702022939
415,1781999754
1542,1659373349
1302,310242589
446,496060028
1915,365862802
1872,136135018
485,12260289
490,389040743
1783,612203759
472,777720504
1046,2058907361
646,1021784812
1034,1289360871
73,2001100545
2016,510770136
2018,427778693
9,1189641421
544,1243439214
1928,791251530
1065,434290636
1677,683309587
1344,1590105340
145,515530019
511,1989806367
628,19485054
35,1125898167
1909,1166437685
1028,1466942491
727,1250372661
2011,1683213486
658,1344593499
202,1939964443
1014,1104561852
138,352406219
42,859484421
693,1388803074
1893,1908681983
1616,1763360602
1827,1955769409
1881,1113675743
1041,849725352
192,1605908235
51,184803526
1410,1540846267
1934,1335077589
58,982906996
521,2137390358
1095,612353198
374,1682085273
510,500618996
1263,837626799
1901,2143493320
1913,1744161708
733,35756851
363,846942590
676,524133589
130,631704567
509,2002495425
1103,2138982933
236,740759355
189,2130794395
479,1472576335
838,82173109
1184,505593010
679,409544918
1805,1243769942
134,327254586
37,2089018456
584,1930772757
1887,1104933720
152,200747796
1117,1903409954
2009,1883555567
1941,145376088
2013,1691635767
2014,1609946277
1581,1638253540
355,337739299
1600,934618834
547,1112720090
1089,562395735
1214,1254749154
854,1954696532
571,159473059
954,1892430639
661,488663950
1834,201407458
1531,1003463633
1896,1782648142
637,1707746139
1904,1215387142
1401,1158747661
1703,437180529
1639,129183332
196,1789366143
1233,1698487330
1985,966618017
1895,825791694
1687,978053418
1842,39848341
1482,306851320
17,1540383426
118,364228444
1808,285830504
1081,192532621
1560,1631596366
1368,1582482437
660,272020127
1173,278450030
1643,896551633
1480,764851988
326,296864819
1381,848934683
410,1309383303
47,1973594324
1786,215341973
1977,481387902
256,1569229320
299,1176911340
1241,415675634
248,889023311
1343,1175446571
57,42999170
605,1190668363
653,1985433483
133,524872353
1182,1926411641
631,1655035325
486,655495367
808,1603591171
1043,1143195511
982,242588954
837,262178224
1757,1579059895
1729,2138078721
154,1117142618
404,1277849958
1874,1999038585
1456,2132688302
1383,1145151225
1467,838139053
1689,960188534
527,1630634994
1445,1173002606
782,1982945082
670,1319041805
1937,102194872
630,1291554098
1710,989492335
623,1204462951
713,124666328
293,1662739668
1718,634172025
1810,856979759
548,1788014412
684,765326717
1258,692981712
5,424238335
1741,1456139563
1102,18400960
757,1821066342
1080,1994320152
1821,1483332973
1434,2092720083
205,1067854538
1630,386753870
1669,636600769
1452,2089816339
1475,116423768
32,1315634022
394,110613202
1306,1286966948
1411,858829294
1305,883799426
101,463480570
1317,845954166
1509,673365159
976,1396918184
1269,245240853
481,1329202900
283,711845894
800,207026272
783,93189435
1062,1292413412
715,2030449291
431,1671294892
917,1384095820
1151,1396005216
516,2016764524
847,1395405989
1562,354367395
1105,1987323286
1987,1922265375
924,1660651136
1706,65785292
1231,1015857464
814,2106914653
1330,240959156
652,1543324176
429,78012497
585,1647149314
1459,1076919591
110,1687926652
907,617909211
1488,493886463
858,1131884850
1049,113974112
1829,1478705400
781,1038626924
1711,981766422
538,885799631
798,1597141723
919,500037525
1294,1256273378
515,1186631626
448,1144278050
1811,1145975358
1579,1802491982
535,1857756970
1604,819827984
1193,572132557
1940,1268632557
195,1605894428
512,1184214677
1320,815774123
1192,1374600938
264,1143408282
1473,464837581
1751,2067247035
848,271059426
540,1281830857
151,1631518149
98,1469348094
968,1844400657
1487,2131058752
1059,991039875
1629,2113556942
611,1968217462
1590,1578716908
1278,1531585205
1178,1124734562
875,209359415
937,813274570
820,1404515797
491,733053144
1761,1401422376
1655,1767110751
1390,956134158
1217,695258232
828,245798898
1332,228217069
1260,1862558705
1906,914600930
1194,461152493
625,521035021
1752,1899542553
1213,1146137088
1219,93155710
969,286448566
180,771151432
1672,340563072
1379,1650994571
1389,1608340634
1238,1195950186
836,1649709016
265,188213258
1734,192433878
1854,1667250732
214,1504569917
187,1626276121
1792,1064651899
163,338888228
567,959372260
1000,981914693
271,776532036
1044,1599893069
313,625032172
1156,518434573
312,1065103348
1008,1489001354
1830,421101832
1764,1711089503
977,1476453195
1736,104665169
636,1047372231
276,1665947468
1226,1514620094
1274,573556837
25,861021530
1299,2125023787
654,395279207
1345,959658925
241,1037127828
1916,576279545
1740,1004011520
1382,2124898138
741,1385414639
289,1501252996
1355,99885196
955,1449228398
692,1909850543
528,1665204916
765,1763794427
701,672032919
589,1025533459
324,1070575321
560,530498338
1208,1107096180
648,2032894977
953,928140528
266,559412924
703,639806732
819,932862806
947,787689126
990,1916250774
916,1204754116
901,226723382
183,971899228
1433,1989200801
462,1498617647
756,1131359211
668,1965421244
2055,1119264603
1992,372315265
1191,1891342723
1884,233233021
1674,1438865740
1725,198619204
428,1415505363
1667,1820965014
358,1111783898
1407,2037335344
1732,556707205
406,653448036
1070,1020406649
1313,750679664
432,1344247686
724,1751378130
460,1473144500
761,1104627321
1793,1628414422
921,1351538839
105,1892066601
533,358532290
1170,455843485
269,201305624
744,1510080967
866,1158381494
88,752392754
2057,1338149321
1476,1637840187
1007,411522957
888,1442767057
1574,212295100
1449,64564349
437,1315209188
1129,242474976
752,1830539036
381,964445884
369,726371155
659,378469911
1964,159037710
644,1931513970
90,2053999932
1127,1779451238
1454,1316953165
1284,172623403
231,968338082
1354,1564003050
1505,568122272
59,135497281
1670,1950148346
1042,978587665
1592,2000033062
1172,1670372305
344,780821396
1060,878273679
1446,1142930164
1957,419481884
541,1386418627
337,1414829150
1146,1111088131
826,294110991
1699,2108785490
1038,342146590
927,1326247643
99,1956297539
1136,830365981
641,628974580
464,1387036159
2054,1038625801
2056,1596372921
2058,825185545
2059,1194097031
2060,1528027358
2061,1071313280
2062,1321914128
2063,28835526
2065,1961602872
2064,1530052418
2066,989823578
2067,857693386
2068,1761247598
2069,1004858739
2070,1025325318
2071,1640033450
2072,724972004
2073,621562201
2076,1813127041
2075,1044384832
2074,689333808
2077,1578210459
2078,155911855
2081,1237438354
2082,907704637
2079,113865920
2084,2060377313
2080,476424341
2083,910958693
2085,944418394
2086,1284284041
2087,540651021
2088,642452361
2089,215541782
2093,683676878
2092,299483945
2091,1667355127
2090,1356146885
