1374344043,0,0.3
1827336327,0,0.3
1350490027,0,0.4
861021530,0,0.4
1734575198,0,0.3
336465782,0,0.2
294702567,0,0.3
233665123,0,0.3
468703135,0,0.3
1937477084,0,1
2
1653377373,0,0.3
610515434,0,0.3
2038664370,0,0.3
596516649,0,0.3
1025202362,0,0.3
521595368,0,1
3
1131176229,0,0.3
1801979802,0,0.4
628175011,0,0.3
2084420925,0,0.2
635723058,0,1
4
1726956429,0,0.4
137806862,0,0.3
1656478042,0,0.3
1911759956,0,0.3
1129566413,0,0.3
749241873,0,0.3
1914544919,0,0.3
1585990364,0,0.3
1967513926,0,0.3
149798315,0,0.4
1540383426,0,0.3
719885386,0,0.3
511702305,0,1
6
1141616124,0,0.3
84353895,0,0.3
1424268980,0,0.3
2145174067,0,0.3
1101513929,0,0.3
1433925857,0,0.3
608413784,0,0.3
2001100545,0,1
7
424238335,0,1
7
1957747793,0,0.2
1315634022,0,0.3
2089018456,0,0.2
304089172,0,0.4
2044897763,0,0.3
1649760492,0,0.3
1998898814,0,0.3
1059961393,0,0.4
1303455736,0,0.3
1632621729,0,0.2
1369133069,0,1
8
1714636915,0,0.3
783368690,0,0.3
1365180540,0,0.4
1681692777,0,0.3
412776091,0,0.3
1159126505,0,0.3
805750846,0,0.3
1125898167,0,0.3
1100661313,0,0.4
48233367,0,1
4
8722862,0,1
9
005211,0,1
1102520059,0,0.3
73594324,0,1
42999170,0,0.3
2660336,0,1
5
6930886,0,0.1
5497281,0,1
756898537,0,0.3
89641421,0,1
859484421,0,0.3
4803526,0,1
8
2906996,0,1
939819582,0,0.3
04289383,0,0.3
005211,0,0.3
35005211,0,0.3
1973594324,0,0.3
5497281,0,1
2
89641421,0,1
846930886,0,0.3
572660336,0,0.3
2906996,0,1
4
8722862,0,1
1189641421,0,0.3
8722862,0,1
4
982906996,0,0.3
04289383,0,0.1
1548233367,0,0.3
04289383,0,0.4
1804289383,0,1
4
184803526,0,0.3
5497281,0,1
135497281,0,0.3
08340634,0,0.2
1098193842,0,0.2
1666231349,0,0.3
1043388777,0,1
2
1390387708,0,1
2
76065818,0,0.3
188213258,0,0.3
888482339,0,0.2
1186994949,0,0.3
192433878,0,0.3
438485374,0,0.3
648031326,0,0.3
933596911,0,1
2
1255387090,0,0.3
1818084292,0,1
2
1504569917,0,0.3
1978701535,0,0.4
915256190,0,0.3
1316505735,0,0.3
1626276121,0,0.3
270744729,0,0.3
1749698586,0,0.3
1031207394,0,0.3
943190495,0,1
2
343945053,0,0.3
2078480869,0,0.4
231602422,0,0.2
1259577690,0,0.3
562395735,0,0.4
296528780,0,0.3
338888228,0,1
2
959372260,0,0.4
1135787096,0,0.4
2054306629,0,0.3
1881049613,0,0.3
14933990,0,0.2
776532036,0,0.4
962033002,0,1
2
1599893069,0,0.3
1431742587,0,1
2
1719650353,0,0.3
184794536,0,0.3
223712350,0,0.4
625032172,0,0.3
1905241081,0,1
2
839425676,0,0.2
1874960596,0,0.2
1412017135,0,0.3
1330301183,0,1
2
1502781486,0,0.3
1314218593,0,0.2
110993018,0,1
2
916768482,0,0.2
1275373743,0,0.3
1967632854,0,0.4
421101832,0,0.3
31308902,0,0.3
661955081,0,0.3
1328104339,0,0.3
894869401,0,0.3
216272000,0,0.3
1656241707,0,0.3
470591100,0,0.3
1518260757,0,1
2
1476453195,0,0.3
1230674396,0,0.3
525829204,0,1
2
313823293,0,0.5
570073850,0,0.3
1047372231,0,0.2
384868448,0,0.3
1023457753,0,0.1
660260756,0,0.8
573556837,0,0.3
714880226,0,0.3
2125023787,0,0.3
856363827,0,0.4
1184622626,0,0.2
304505404,0,0.3
959658925,0,0.2
1004011520,0,0.4
917609663,0,0.3
2124898138,0,0.3
1385414639,0,0.2
2004187516,0,0.2
1501252996,0,0.3
496987743,0,0.2
279121308,0,1
2
87755422,0,0.3
1731190952,0,1
2
99885196,0,1
2
291079690,0,0.2
1759007339,0,0.3
528433890,0,0.2
1636750614,0,0.3
1987106312,0,1
2
286791631,0,0.2
1369321801,0,0.4
592456289,0,0.3
1030313563,0,0.2
1449228398,0,1
2
12548159,0,0.3
65120356,0,0.2
1745790417,0,0.3
204428608,0,1
2
212251746,0,0.3
209473567,0,0.3
1814634316,0,0.3
498777856,0,0.2
338346092,0,1
2
1857300821,0,0.4
620145550,0,0.4
384370888,0,0.3
716898500,0,0.3
1759592334,0,0.3
1595154931,0,0.4
919785523,0,0.3
2002992734,0,0.2
1070575321,0,0.2
964263748,0,0.3
78417603,0,0.3
561717988,0,0.3
530498338,0,0.3
478307629,0,0.2
1815209933,0,0.3
2032894977,0,0.3
928140528,0,0.2
1022089159,0,1
2
1849552528,0,0.2
69114447,0,0.2
2059344234,0,1
2
1941727088,0,0.3
559412924,0,0.3
101323875,0,0.3
1260995960,0,0.3
639806732,0,0.3
1848096107,0,0.2
932862806,0,1
2
1608959295,0,0.2
1889947178,0,0.3
181226513,0,0.3
1947691087,0,0.4
787689126,0,0.3
1916250774,0,1
2
1460082195,0,0.5
126107205,0,0.4
1569115921,0,0.3
1135771559,0,1
9
802205057,0,0.3
1485511804,0,0.3
1540232676,0,0.3
1541417540,0,0.2
922587542,0,0.3
343886628,0,0.3
1108399134,0,0.3
1176225844,0,0.4
942724790,0,0.3
860516127,0,0.2
2053232475,0,0.3
2114738097,0,1
2
1237979969,0,1
2
309667127,0,0.2
819485269,0,0.3
278190158,0,0.3
524305153,0,0.7
4744263,0,0.4
1051402293,0,0.3
1989200801,0,1
2
550245196,0,0.3
1498617647,0,0.3
869921280,0,0.3
2132688302,0,0.3
454333378,0,0.3
1650994571,0,0.3
373953666,0,1
2
2118421993,0,1
2
1604765404,0,0.2
1984210012,0,0.3
929588156,0,0.2
1376710097,0,1
2
1368062958,0,0.3
1984498433,0,1
2
547772603,0,0.3
1339388427,0,1
2
1265204346,0,0.3
157272379,0,0.2
63299708,0,0.3
1534230297,0,0.3
337453826,0,1
2
1779289672,0,0.3
372315265,0,0.4
181271232,0,0.3
100669,0,0.5
1238433452,0,1
2
917679292,0,1
2
1268409912,0,0.9
180785147,0,0.3
224048977,0,0.3
1845636353,0,0.3
680007057,0,1
2
1891342723,0,0.2
116087764,0,0.3
1238138000,0,0.2
912194650,0,0.3
233233021,0,0.3
1396342013,0,0.3
1373226340,0,0.3
1626870461,0,0.3
113766839,0,0.3
1153263590,0,0.3
2010794583,0,1
2
1302539390,0,1
2
1057418418,0,0.3
1559473950,0,0.3
1415505363,0,0.3
1820965014,0,1
2
1111783898,0,0.3
752704313,0,0.3
192048860,0,0.3
918483162,0,0.3
586235379,0,0.3
1075259134,0,0.3
1172755590,0,0.3
556707205,0,0.5
441767868,0,0.3
379366797,0,0.3
54449299,0,0.3
399493245,0,0.2
707900973,0,0.3
653448036,0,0.2
1272469786,0,0.4
1623380595,0,1
2
1989806367,0,0.3
1785550551,0,0.3
1487053959,0,0.2
1017679567,0,1
9
1221389873,0,0.3
1986894018,0,0.3
986478257,0,0.3
608034986,0,0.4
1604665417,0,0.3
750679664,0,0.3
40776180,0,0.3
1541027284,0,1
2
1041356631,0,0.2
1137638147,0,0.3
1344247686,0,0.3
1569654968,0,0.2
114723506,0,0.3
1256273378,0,0.3
1308044878,0,0.3
213975407,0,1
2
199411898,0,0.3
1751378130,0,0.3
753959819,0,0.3
505185185,0,1
2
700108581,0,0.3
1473144500,0,0.4
1906889260,0,0.3
1151297278,0,1
2
202550399,0,1
2
2033505236,0,0.4
915736906,0,0.1
1130698571,0,0.3
1998994314,0,1
2
262692685,0,0.3
1628414422,0,0.5
118993446,0,0.4
1407392292,0,0.5
1782280524,0,1
2
1551291986,0,0.3
1856669179,0,0.3
1473442062,0,1
2
1351538839,0,0.4
1892066601,0,0.3
1983228458,0,0.2
1392740049,0,0.3
1024027583,0,0.3
358532290,0,0.3
624549797,0,0.3
553918865,0,0.4
1760481135,0,0.3
1877565100,0,0.2
442982639,0,0.4
512976554,0,0.3
1798027458,0,0.3
649022765,0,1
2
455843485,0,0.3
523782140,0,1
2
699045063,0,0.3
1738110294,0,0.2
1411154259,0,0.2
394709364,0,0.6
1630387677,0,0.3
201305624,0,1
2
1510080967,0,0.3
543906158,0,0.3
1170132540,0,0.3
1158381494,0,0.3
1597272000,0,0.4
203845520,0,0.3
532670688,0,0.3
168057522,0,0.3
1353436873,0,1
3
1586903190,0,0.2
2000419805,0,1
3
574596534,0,0.2
1424321892,0,1
3
750167716,0,1
3
145186709,0,0.3
599529154,0,0.4
1417076376,0,0.3
1022963858,0,1
3
1718264801,0,1
3
1662981776,0,0.2
1199420528,0,0.1
1017565625,0,0.3
972125383,0,1
3
1591564428,0,0.6
1139901474,0,0.2
1787897525,0,0.2
900104667,0,0.2
102524643,0,0.2
1562887660,0,0.3
1747844822,0,1
3
79065186,0,0.3
1941690360,0,0.2
592962932,0,0.2
95266356,0,0.3
333480550,0,1
3
614340012,0,0.4
1840019304,0,0.3
1469834481,0,0.3
1664423428,0,1
3
1896870037,0,0.4
129834447,0,0.3
552473416,0,0.3
1372668364,0,0.3
1921376925,0,0.3
1573363368,0,0.3
781098823,0,0.3
2044554163,0,0.1
1297893529,0,0.3
861838989,0,0.3
773319847,0,0.3
396473730,0,0.4
298625210,0,0.3
654829090,0,0.2
692458743,0,0.2
1490549207,0,0.3
146533149,0,0.3
1459834400,0,0.2
517408978,0,0.3
241909610,0,1
3
1499150323,0,0.4
1693485026,0,0.3
11614769,0,0.6
1115917669,0,0.4
542314107,0,0.3
709606368,0,0.3
1318141009,0,0.2
588219756,0,0.3
1736491298,0,0.3
2059643461,0,0.3
2107654819,0,0.4
1384079421,0,1
2
1242561041,0,0.2
1447267605,0,0.3
2007905771,0,0.3
1209734969,0,0.3
578187134,0,0.3
609707131,0,0.2
386839851,0,0.3
328298285,0,0.2
1375179334,0,1
3
632651476,0,0.2
1987231011,0,0.8
1659239833,0,0.2
1588695568,0,0.2
1156541312,0,1
3
1321756868,0,0.2
2028720897,0,0.3
719346228,0,0.3
88639634,0,0.3
1371499336,0,0.3
1724916170,0,0.3
1069117832,0,0.4
2057337242,0,0.3
1386510139,0,1
2
722308542,0,0.2
1376035217,0,0.3
1669475776,0,0.2
672563970,0,0.3
1818150212,0,0.2
1010764797,0,0.3
164826621,0,0.3
371653516,0,1
3
1967681095,0,0.3
2094613281,0,0.3
364531492,0,0.3
955798986,0,0.4
1488873165,0,0.2
242639747,0,0.3
1737518944,0,0.3
688852786,0,0.3
237140292,0,0.3
1503967857,0,1
3
404259631,0,0.3
1388391521,0,1
2
333293469,0,0.2
1579952366,0,0.3
315813605,0,0.7
305564045,0,0.2
269455306,0,0.3
826047641,0,1
3
1280631491,0,1
3
813465002,0,0.3
1887658390,0,0.4
716334471,0,0.2
1138101281,0,0.3
1036140795,0,0.2
763148569,0,0.2
1340157793,0,0.3
2006138722,0,0.3
219994425,0,0.3
1848520019,0,0.3
1918386023,0,0.2
636453333,0,1
3
554290596,0,0.3
1312994984,0,0.2
2042830296,0,0.3
987987334,0,0.3
309198987,0,1
2
350322227,0,0.4
263043320,0,0.2
1105816539,0,1
3
1704572553,0,0.2
832077645,0,1
3
352118606,0,0.3
2001229904,0,0.4
1793256508,0,0.5
1351797369,0,0.3
1034949299,0,0.3
1374631287,0,0.3
1289547084,0,0.3
1240554603,0,1
3
358984857,0,0.2
709393584,0,0.3
2026478004,0,0.3
1982275856,0,0.3
1091714937,0,0.3
1565306616,0,0.3
487073847,0,0.3
409098738,0,0.3
745598382,0,0.4
1470593630,0,0.3
871700699,0,1
3
860144854,0,0.1
1866000081,0,0.3
916018859,0,0.3
847228023,0,0.3
471990783,0,1
3
14989683,0,0.3
1766146081,0,0.4
107734713,0,0.3
788380902,0,0.3
1686518107,0,1
3
1443145325,0,0.2
1081174232,0,0.3
1725138377,0,0.3
2068224547,0,0.2
653468858,0,0.3
2009726312,0,0.5
1457880381,0,0.3
1961415139,0,0.4
1143849810,0,0.4
415522325,0,0.2
1063958031,0,0.3
707184680,0,1
3
1010014811,0,0.4
1186090428,0,0.4
652996966,0,0.3
2067062760,0,0.3
260401255,0,0.5
1307565984,0,0.3
1684677418,0,0.3
2021449807,0,0.3
1000372555,0,1
4
625843881,0,0.3
1455590964,0,0.4
728149010,0,0.3
177332700,0,1
4
420687483,0,0.3
1096689772,0,0.3
1189544209,0,1
4
1705632563,0,1
4
937370163,0,0.3
513937457,0,0.3
597010431,0,0.2
1360613073,0,0.3
551836836,0,0.3
1494613810,0,0.4
1452888574,0,1
4
630668850,0,0.3
1209379174,0,0.2
332702450,0,0.3
915711850,0,0.3
1386214636,0,0.3
1909002904,0,0.3
1845716951,0,0.4
1748349614,0,0.4
33713861,0,1
4
970925433,0,0.3
2069110699,0,0.4
746349250,0,0.3
332266748,0,0.3
816504794,0,0.3
428674782,0,1
4
733450907,0,0.3
94255812,0,0.2
701539807,0,0.3
395191309,0,0.3
1046741222,0,0.4
439493451,0,0.3
763447433,0,1
4
425245975,0,1
2
1833488263,0,0.3
62299853,0,0.2
733327814,0,1
4
1154615609,0,0.3
452456682,0,0.3
1894519218,0,0.2
941804289,0,0.4
1371570003,0,0.2
337745691,0,0.3
711645630,0,0.2
1433102829,0,0.3
1047196295,0,0.3
712633417,0,0.3
627510635,0,0.6
1874799051,0,0.3
1797073940,0,1
4
1282648518,0,0.2
482417719,0,0.3
1204868098,0,0.3
7684930,0,0.3
410228794,0,0.3
1049546350,0,0.3
263419017,0,0.3
6939507,0,0.2
2016408437,0,0.3
1120048829,0,0.3
1922018481,0,0.3
1237379107,0,0.3
1029621931,0,0.3
1265122573,0,1
4
1571825916,0,0.4
234799752,0,0.2
638422090,0,0.3
1348361729,0,0.3
989230775,0,0.2
2145854098,0,0.3
240854387,0,1
4
1186452551,0,0.3
165344818,0,0.4
1998562957,0,0.2
138700754,0,0.3
1676902021,0,0.3
1304438548,0,0.4
253674535,0,0.4
1129033333,0,1
2
1713258270,0,0.3
2025251990,0,0.3
1012836610,0,0.3
1940022924,0,0.2
1414647625,0,0.3
491705403,0,0.3
992277052,0,0.3
2040651434,0,1
4
246247255,0,0.3
1875641892,0,1
4
364686248,0,0.4
1587992726,0,0.4
1889804310,0,1
4
1409959708,0,1
4
1679895436,0,0.3
356228371,0,0.2
95275444,0,0.2
846621269,0,1
4
1788986238,0,0.4
1931706506,0,1
2
177312851,0,0.3
2058657199,0,1
4
150122846,0,0.4
773446912,0,1
2
1868423919,0,0.2
356426808,0,0.5
2077211388,0,1
7
1510574887,0,1
4
375444584,0,0.3
1981208324,0,0.3
296596980,0,1
2
604263370,0,0.2
504038566,0,0.3
366831742,0,0.4
537322532,0,1
4
1911165193,0,0.3
927612902,0,0.3
476667372,0,0.2
456651794,0,0.3
771476364,0,0.1
1640170337,0,0.5
1595371198,0,0.3
1204275569,0,0.1
1910210050,0,0.4
405341089,0,0.2
553160358,0,0.3
1762924393,0,1
4
2056665155,0,0.3
1272796157,0,1
4
1084384795,0,0.3
1527793660,0,0.3
730199492,0,0.2
256804978,0,0.3
1320634492,0,0.3
1139352160,0,0.3
2114937732,0,0.3
380390179,0,1
4
104152274,0,1
4
1731563037,0,1
2
1784639529,0,0.3
353673391,0,0.5
1725362297,0,0.1
382926234,0,0.2
1692713933,0,0.3
233614511,0,0.2
1922757472,0,0.3
1163384280,0,0.3
309112297,0,0.3
190113083,0,0.3
1702022939,0,1
4
1781999754,0,1
4
1659373349,0,0.3
530788967,0,0.3
1021784812,0,1
4
510770136,0,0.2
434290636,0,0.3
127052251,0,0.2
515530019,0,0.3
820097487,0,0.3
307571472,0,0.3
706043324,0,1
4
105575579,0,0.3
1250372661,0,0.3
1344593499,0,0.4
1992232983,0,0.3
1812247776,0,0.3
1104561852,0,0.3
1295815494,0,0.3
1908681983,0,0.3
1859031536,0,1
4
895873480,0,1
4
1335077589,0,0.3
1609416931,0,1
4
1607774548,0,0.3
1435525339,0,0.3
837626799,0,0.3
2143493320,0,0.3
524133589,0,0.4
13798878,0,1
4
82173109,0,0.3
409544918,0,0.4
1335354340,0,0.3
1243769942,0,0.2
844169939,0,0.3
200747796,0,0.3
1119399015,0,0.3
1799878206,0,0.4
858829294,0,0.3
1364090032,0,0.3
155789224,0,1
5
2074216439,0,0.3
883799426,0,0.3
463480570,0,1
6
957426576,0,0.2
673365159,0,0.2
2006811972,0,0.4
1470796522,0,1
2
1999337836,0,0.3
940472515,0,0.3
1752327934,0,0.2
703571522,0,0.3
966071161,0,0.3
1396918184,0,0.3
691451546,0,0.3
1282291499,0,0.3
245240853,0,0.3
1559382853,0,1
5
1057467587,0,0.4
502390523,0,0.3
1220585472,0,0.4
1508976505,0,0.4
831768825,0,1
2
1760243555,0,0.3
1899058025,0,0.2
1607500335,0,0.4
2077486715,0,0.3
555996658,0,0.3
888830763,0,1
5
1891066487,0,0.3
1210359231,0,0.3
711845894,0,0.2
1143565421,0,0.4
20336956,0,0.2
1528806445,0,0.2
81458260,0,0.3
695466127,0,0.3
1444311956,0,0.2
1867107722,0,0.3
2135019593,0,0.3
207026272,0,0.2
1756098480,0,0.2
972058109,0,1
5
1105629391,0,0.3
2078107280,0,1
5
1329132133,0,1
5
93189435,0,0.3
690367770,0,1
5
1767125139,0,0.3
522971726,0,1
5
1795519125,0,1
5
279527351,0,0.3
1292413412,0,0.2
434248626,0,1
6
700287639,0,1
6
1412277685,0,0.4
2086206725,0,0.3
1346941484,0,0.3
1155722604,0,0.3
1823025015,0,0.2
1600028624,0,0.3
659067697,0,0.3
74552805,0,0.3
1789376348,0,0.3
1308581515,0,0.3
1781485213,0,0.2
1550101877,0,0.4
2030449291,0,0.3
1242990415,0,0.3
235649157,0,0.3
195740084,0,0.3
993683397,0,0.3
168002245,0,0.3
136495343,0,0.3
1555319301,0,0.3
1973387981,0,0.4
269441500,0,0.3
1671294892,0,0.3
1384095820,0,0.3
577721120,0,0.3
1396005216,0,0.3
1704841123,0,0.3
1776808933,0,0.3
535286141,0,0.3
845563291,0,0.3
2016764524,0,0.3
1794292538,0,0.3
480298490,0,0.3
1704365084,0,0.3
126401947,0,0.3
833215350,0,1
5
2086963638,0,0.3
1562402336,0,0.6
7426169,0,0.3
1172063133,0,0.3
1395405989,0,1
2
37487770,0,0.3
153162844,0,0.3
1775473788,0,0.3
216220853,0,0.2
991505661,0,0.2
219544266,0,0.3
78374295,0,0.3
1106059479,0,0.4
284665220,0,0.4
1987323286,0,0.3
1005418816,0,0.2
1922265375,0,0.2
1660651136,0,0.4
61101360,0,0.3
65785292,0,0.2
1287572525,0,0.3
2085308422,0,0.2
38649718,0,1
5
1337434154,0,0.3
1015857464,0,1
5
2106914653,0,0.2
240959156,0,0.2
1426819080,0,0.3
1943003493,0,1
5
1855103807,0,0.3
1543324176,0,1
5
1647149314,0,0.3
1076919591,0,1
2
1687926652,0,0.4
1680687005,0,1
5
1669679262,0,1
5
2040332871,0,0.3
943947739,0,0.2
1942481690,0,0.4
339335164,0,0.2
159259470,0,1
5
1603386966,0,1
2
1799560997,0,0.4
1131352346,0,0.2
1583571043,0,0.3
2137100237,0,1
4
2045826607,0,0.3
617909211,0,1
5
493886463,0,0.4
1131884850,0,1
5
1681545190,0,0.3
113974112,0,1
5
772634225,0,1
2
1927495994,0,0.3
1862875640,0,0.4
1478705400,0,0.3
2064945486,0,0.3
1312630443,0,1
5
44470216,0,0.3
372160269,0,0.2
695991608,0,0.4
292423943,0,0.3
573666704,0,0.3
404158660,0,0.4
1060494695,0,0.2
1389079342,0,1
5
1038626924,0,0.2
365862802,0,0.3
1884661237,0,0.3
94307398,0,0.2
1003886059,0,0.1
382697713,0,0.4
981766422,0,0.3
885799631,0,0.3
251243823,0,1
2
1152645729,0,0.3
25222833,0,0.3
1684259683,0,0.3
1597141723,0,0.3
2112255763,0,0.3
500037525,0,0.3
880492499,0,1
5
655858699,0,0.3
1408960629,0,0.3
1402586708,0,0.3
887077888,0,0.3
559301039,0,0.3
1540846267,0,0.3
2073785404,0,0.2
1239036029,0,1
5
1186631626,0,0.3
1078898506,0,1
6
1219407971,0,0.3
1244316437,0,1
5
1144278050,0,0.3
1145975358,0,0.3
1802491982,0,0.2
717032538,0,0.3
1857756970,0,1
5
772970072,0,0.2
134591281,0,0.3
429363923,0,0.3
631704567,0,0.3
1857962504,0,0.3
1812282134,0,1
5
1194953865,0,0.4
550804899,0,0.3
819827984,0,1
5
274325361,0,0.3
298167279,0,1
5
221713886,0,1
5
1567022181,0,0.3
318333694,0,0.3
1066077375,0,0.3
1812718902,0,0.2
1007277217,0,0.4
472131489,0,1
6
1974571475,0,1
2
478841551,0,0.2
132629780,0,0.3
951426815,0,0.3
2025187190,0,0.3
167368542,0,0.3
530406424,0,0.1
546389569,0,0.2
1287726651,0,0.3
627992393,0,1
6
1322710936,0,1
2
1350573793,0,0.3
1638253540,0,0.3
402903177,0,0.3
318561886,0,0.3
2033669086,0,0.3
337739299,0,0.3
1722060049,0,0.4
1987519915,0,0.3
1810713171,0,0.3
101072999,0,1
6
1273911899,0,0.3
159473059,0,0.3
822890675,0,0.4
1633108117,0,1
6
289700723,0,1
6
703955951,0,0.3
488663950,0,1
2
1683932587,0,0.3
374138644,0,0.3
1876855542,0,1
6
201407458,0,1
6
1539942439,0,0.3
1116945487,0,0.3
657103124,0,0.3
1782648142,0,0.3
2021303708,0,0.2
564325578,0,0.3
1215387142,0,0.3
234576987,0,0.3
995097051,0,0.3
396377017,0,0.3
1968922326,0,0.3
1691449122,0,0.2
379461075,0,0.2
1308202906,0,0.3
1520982030,0,1
6
1411549676,0,0.3
989241888,0,0.2
625040140,0,0.3
610506582,0,1
6
155324914,0,0.3
370917955,0,0.3
1597322404,0,0.3
317097467,0,0.4
1806119540,0,1
6
701943705,0,0.3
96055805,0,1
6
1069755936,0,0.3
1198720172,0,0.3
406011017,0,0.3
980356728,0,1
2
699460008,0,0.2
410134047,0,0.3
978053418,0,1
6
2143124030,0,0.3
39848341,0,1
6
1386099901,0,0.4
1370973813,0,0.3
705178736,0,1
5
44041351,0,0.2
310273413,0,0.3
1033206202,0,0.3
1616916066,0,0.3
80329499,0,1
6
680466996,0,0.3
1572276965,0,0.4
107939561,0,1
6
995234140,0,0.3
1600206898,0,0.3
1360478499,0,0.3
1468519716,0,0.3
40610537,0,0.3
745425661,0,0.5
1589513899,0,0.3
215341973,0,0.2
474613996,0,0.3
1953534826,0,0.3
1229999242,0,0.3
2025554010,0,0.2
185963953,0,0.3
524135236,0,0.4
1242608872,0,0.3
255789528,0,0.2
1012502954,0,0.3
889023311,0,0.4
1190668363,0,0.4
349121784,0,0.4
2124149955,0,0.5
1943327684,0,0.2
1001089438,0,0.3
111537764,0,0.4
217927335,0,0.5
1527622954,0,0.3
1803602255,0,0.3
1255179497,0,0.3
707255825,0,1
2
1917305981,0,0.4
398068012,0,0.3
1529195746,0,0.4
217852623,0,0.3
360022300,0,0.4
242588954,0,1
6
1545032460,0,0.3
262178224,0,1
6
481928577,0,1
6
1780695788,0,1
5
410409117,0,0.3
1460674641,0,1
2
282828202,0,0.4
445080308,0,0.2
1896306640,0,0.4
141413008,0,1
6
1402492972,0,1
4
1561812722,0,0.2
454416748,0,0.3
1145151225,0,0.4
1564739221,0,1
6
1312313043,0,0.3
437116466,0,0.3
661761152,0,0.5
1131761079,0,1
6
1723578341,0,0.3
1688323172,0,0.3
1630634994,0,0.5
670752506,0,0.2
390848153,0,0.3
1992055382,0,0.3
1319041805,0,0.4
524688209,0,0.3
649785905,0,1
6
1073781763,0,0.3
987706141,0,1
6
1908518808,0,0.2
138172497,0,1
6
660916487,0,1
6
1910858270,0,1
6
631340353,0,0.3
345367818,0,0.3
6072641,0,0.3
2134113236,0,0.3
984124220,0,0.2
827385948,0,0.3
2147469841,0,0.3
1380171692,0,0.3
1122551742,0,0.1
1582152040,0,0.5
1280311131,0,0.2
492067917,0,0.3
1124311574,0,0.3
1095966189,0,0.3
856979759,0,0.3
567304789,0,0.4
221558440,0,0.4
2416949,0,0.4
34740865,0,1
6
114760235,0,1
6
446340713,0,0.3
677870460,0,0.3
25084100,0,0.2
1353825800,0,0.3
1947867422,0,0.3
1665728802,0,0.3
6938620,0,0.4
1498387409,0,0.3
18400960,0,0.3
1336092622,0,0.3
1651675551,0,0.3
1988714904,0,1
2
1101533292,0,0.3
1505193512,0,0.3
258219170,0,0.3
1402961682,0,0.3
1843993368,0,0.3
1404196431,0,1
6
1953197930,0,0.3
1403938270,0,1
6
816976784,0,0.3
301373537,0,0.2
1173059560,0,0.3
1249152986,0,0.2
730832933,0,0.3
204102747,0,0.2
1477171087,0,0.3
452825171,0,1
6
1820042348,0,1
6
562390279,0,0.2
877068972,0,0.3
234262547,0,0.2
1930772757,0,0.3
1815983044,0,0.3
672655340,0,0.3
238962600,0,0.3
873524566,0,0.3
1503885238,0,0.3
2037770478,0,0.3
1026413173,0,0.3
392035568,0,0.4
251836754,0,0.3
1607967721,0,1
7
11671338,0,0.2
324763920,0,0.4
777210498,0,0.3
1264095060,0,1
7
2133584523,0,0.3
1510906527,0,0.2
454806773,0,1
2
1645933681,0,0.3
1701475883,0,1
7
1691635767,0,0.4
1475952280,0,0.3
70636429,0,0.3
158136104,0,0.2
1113502215,0,1
7
934618834,0,0.2
1112720090,0,1
7
1954696532,0,0.3
427355115,0,0.2
575705360,0,0.3
2084546560,0,1
7
584522071,0,0.3
37623446,0,1
2
825726814,0,1
7
2103318776,0,0.3
824722490,0,0.3
1290127955,0,0.3
2070707654,0,0.3
1707056552,0,0.3
198628789,0,0.3
76277107,0,0.4
1946710049,0,0.3
1663080928,0,0.4
1707746139,0,0.3
85291638,0,1
7
738393740,0,1
7
786039021,0,0.3
1823796892,0,0.3
531900034,0,0.4
1158747661,0,1
2
129183332,0,0.1
1789366143,0,0.3
1559436157,0,0.3
1107484169,0,0.2
574620392,0,0.3
1278792724,0,0.3
697517721,0,0.3
1925473439,0,0.3
931489114,0,0.3
1144522535,0,0.3
1880346039,0,0.3
1805613091,0,0.3
1131189562,0,0.3
466647227,0,1
7
12895151,0,1
6
384295879,0,0.4
2042010569,0,0.3
1244453596,0,0.2
2011662880,0,0.1
507578762,0,0.2
257675105,0,0.4
1267889618,0,0.3
1482841197,0,0.2
1805816260,0,0.3
1089653714,0,0.3
866596855,0,0.3
285830504,0,0.4
1631596366,0,0.3
1390543437,0,0.6
1582482437,0,0.2
332238283,0,0.3
1347584264,0,0.3
1182176620,0,0.5
272020127,0,0.4
278450030,0,0.2
1369356620,0,0.4
1566369633,0,0.3
73673339,0,0.3
836802671,0,1
7
296864819,0,0.3
1369893141,0,0.3
1445834946,0,1
2
848934683,0,0.3
1748806355,0,1
7
1231192379,0,0.3
1569229320,0,1
7
470631541,0,0.3
415675634,0,0.3
1448703729,0,0.3
1077683174,0,1
2
1175446571,0,0.3
1824700010,0,0.4
378409503,0,0.3
606199759,0,0.3
1926411641,0,1
7
1635550270,0,1
7
1369678468,0,0.3
1470332231,0,0.3
1232056856,0,0.3
1549495354,0,1
7
829570037,0,1
2
1460654187,0,0.3
1476492728,0,0.3
1285228804,0,0.3
160051528,0,0.3
1065311705,0,0.3
2126362173,0,0.3
1624064901,0,1
7
1353668775,0,0.3
1603591171,0,0.4
106242869,0,1
7
1143195511,0,0.3
403068011,0,1
7
1902736997,0,1
7
330546620,0,1
2
770833934,0,0.3
1579059895,0,0.3
2138078721,0,0.3
194064088,0,0.3
1631207466,0,0.3
1196774315,0,0.3
1758179117,0,0.3
2020432100,0,0.2
619054081,0,1
7
1936060910,0,0.3
1764892438,0,1
7
838139053,0,1
7
990892921,0,0.3
87522686,0,0.4
1214790563,0,1
2
960188534,0,0.3
1250801052,0,1
7
1516266761,0,0.3
1276673168,0,0.2
1173002606,0,0.8
1982945082,0,0.3
933110197,0,0.2
1450238957,0,1
2
1739000681,0,0.3
1825051735,0,0.3
755526127,0,0.3
1850952926,0,1
7
102194872,0,0.2
724025165,0,0.5
1291554098,0,0.3
610486506,0,0.4
1866355856,0,0.4
298501962,0,0.3
989492335,0,1
7
2039723618,0,0.3
1051858969,0,1
7
1204462951,0,0.3
402724286,0,0.3
1730418657,0,0.3
595311776,0,1
7
1662739668,0,0.3
634172025,0,0.3
1281944976,0,0.3
496060028,0,0.3
136135018,0,0.4
1788014412,0,1
7
217871137,0,0.2
1344541320,0,0.2
2058907361,0,0.3
1289360871,0,0.1
765326717,0,0.3
427778693,0,0.3
1243439214,0,0.3
791251530,0,0.4
1590105340,0,1
7
501772890,0,0.3
29860596,0,0.3
19485054,0,0.3
820697697,0,1
7
1466942491,0,0.4
1456139563,0,0.3
603570492,0,0.3
1955769409,0,0.4
1483332973,0,1
7
1067854538,0,0.3
1651574882,0,1
2
386753870,0,0.3
2049197811,0,0.3
636600769,0,0.2
1411328205,0,0.3
1682085273,0,0.3
846811127,0,0.3
116423768,0,0.2
1975960378,0,0.3
846942590,0,1
7
2002495425,0,0.3
1450956042,0,0.5
2130794395,0,1
2
1752143421,0,0.3
1820388464,0,1
7
1446648412,0,0.3
1104933720,0,0.4
1286966948,0,0.3
1489692377,0,1
8
51245830,0,1
8
99568484,0,1
4
1590079444,0,0.3
173506518,0,0.3
552910253,0,0.3
572132557,0,0.3
2122466788,0,0.3
990526343,0,0.3
1487105994,0,1
5
2033261900,0,0.3
359147515,0,1
8
1432114613,0,0.4
1338299904,0,0.3
1727952741,0,0.2
1268632557,0,0.4
698312496,0,0.4
1671581032,0,0.3
1703964683,0,0.3
1889537797,0,0.6
1916237892,0,0.3
476152433,0,0.3
1605894428,0,0.3
1813080154,0,0.2
270617569,0,0.3
1579068977,0,0.3
737703662,0,0.2
531352976,0,0.3
1543755629,0,0.3
1253207672,0,0.4
1694887982,0,0.2
815774123,0,0.3
995706887,0,1
8
1374600938,0,1
8
1474612399,0,1
7
1992865128,0,0.3
993967637,0,0.3
1434433518,0,0.3
1918502651,0,0.4
318322042,0,0.3
33165457,0,0.3
760313750,0,0.4
1143408282,0,0.2
1605539862,0,0.2
1558581086,0,0.3
1945891638,0,0.2
1959343768,0,0.6
808808585,0,0.3
582972798,0,0.3
464837581,0,1
2
979601485,0,0.3
942581876,0,1
2
1520223205,0,0.2
2067247035,0,0.2
1369602726,0,0.3
8936987,0,0.2
628966950,0,0.2
271059426,0,0.4
774044599,0,1
8
1875335928,0,1
8
1566586128,0,0.1
1230769829,0,0.3
213213171,0,1
7
1281830857,0,1
8
5631942,0,1
8
1983614030,0,1
8
962764794,0,0.3
104221117,0,0.2
1548348142,0,1
8
1631518149,0,0.4
2063762111,0,0.3
1470503465,0,0.3
346502533,0,0.3
928682751,0,1
8
1450099355,0,0.2
671068506,0,0.3
1140384172,0,0.3
1780172261,0,0.3
256363941,0,1
8
532495011,0,0.3
861543921,0,0.3
1245466382,0,0.3
243268139,0,0.3
457676440,0,0.3
1469348094,0,0.4
1175526309,0,1
8
1844400657,0,1
8
1953443376,0,0.4
1642663198,0,0.3
1219933931,0,0.4
2027907669,0,1
8
2131058752,0,0.3
991039875,0,1
8
2113556942,0,0.3
717293418,0,1
8
331016259,0,0.3
235202254,0,0.3
1183912267,0,0.3
1968217462,0,1
8
616734673,0,0.3
1578716908,0,0.2
682736626,0,0.2
418646579,0,0.3
213801961,0,0.4
828388027,0,0.3
1531585205,0,0.4
484238046,0,0.3
1330573317,0,0.3
1708302647,0,0.4
1124734562,0,0.3
1046370347,0,0.3
1933084303,0,0.3
1560890244,0,0.3
1434322197,0,0.9
1395235128,0,0.4
1602182790,0,0.3
2008532428,0,0.3
551008693,0,1
2
502278611,0,0.3
822262754,0,0.3
108375482,0,0.3
209359415,0,1
2
1367209095,0,0.3
1858504292,0,0.4
580508860,0,0.2
813274570,0,0.3
855320512,0,0.3
1404515797,0,0.1
435889744,0,1
8
894429689,0,0.2
305197314,0,0.3
1821115873,0,0.5
1692786742,0,0.3
1219377470,0,0.3
733053144,0,0.3
44804919,0,0.4
1777483316,0,0.2
1401422376,0,0.3
1160063179,0,0.4
1983690368,0,0.3
1690492373,0,1
8
1467963981,0,0.2
963964191,0,0.2
1912163036,0,0.3
1767110751,0,0.4
956134158,0,0.4
1456748696,0,1
8
695258232,0,0.3
245798898,0,0.4
419914800,0,0.2
228217069,0,1
2
1934392735,0,0.3
529302443,0,1
8
1862558705,0,0.3
112805732,0,0.3
914600930,0,0.3
322334813,0,0.3
1815754673,0,0.5
1034514500,0,1
8
1401262337,0,0.3
1456339643,0,0.2
461152493,0,1
2
1974806403,0,0.2
932026304,0,1
8
1900553541,0,0.3
1389867269,0,0.3
2117303605,0,0.3
1862292122,0,0.2
521035021,0,0.3
70788355,0,0.2
1899542553,0,0.3
1453048498,0,0.4
413892161,0,0.4
363304213,0,0.3
1146137088,0,0.3
93155710,0,0.3
286448566,0,0.2
551201745,0,1
2
260152959,0,0.3
511583958,0,0.3
28264029,0,0.3
1217038602,0,0.3
461851014,0,0.3
1947346619,0,0.5
2113903881,0,0.3
1251300606,0,0.3
620089368,0,0.3
771151432,0,0.3
1486222842,0,1
9
111691313,0,1
9
803590181,0,1
9
1195950186,0,1
9
1090099484,0,0.3
312186354,0,0.3
896925393,0,0.2
1421186593,0,0.3
1635905385,0,0.4
1649709016,0,0.3
1903409954,0,0.2
1667250732,0,0.3
473903566,0,0.3
431530126,0,0.3
1359512183,0,0.2
104852634,0,0.2
1581539848,0,0.3
1886086990,0,0.3
962980710,0,0.3
266795367,0,0.3
1455252833,0,1
9
1469262009,0,0.2
1064651899,0,1
9
438792350,0,1
9
400000569,0,0.3
1260596963,0,0.3
1335939811,0,0.3
625321929,0,0.2
1245036421,0,1
9
1851445950,0,0.2
2118801173,0,0.3
981914693,0,0.3
1215828993,0,0.3
997276125,0,0.3
1738076217,0,1
9
1989352324,0,0.3
16922351,0,1
9
411826969,0,0.3
1622597488,0,0.2
1787189168,0,0.3
407487131,0,1
9
452867621,0,0.4
518434573,0,0.3
1768794057,0,0.3
1038828826,0,0.2
1395132002,0,0.3
1065103348,0,0.3
1530130017,0,0.3
1826620483,0,0.3
1245644428,0,0.3
1660038320,0,0.3
646755199,0,0.5
1085206797,0,0.3
1175989877,0,0.3
311269559,0,0.3
1489001354,0,0.2
1337856142,0,0.3
2079611790,0,0.3
1711089503,0,1
9
1476153275,0,0.3
1092637289,0,1
9
104665169,0,0.3
1675518157,0,0.3
841148365,0,0.2
1594769883,0,0.3
1665947468,0,0.3
216588711,0,1
9
1514620094,0,1
9
2097657371,0,0.3
395279207,0,0.3
1037127828,0,0.3
576279545,0,0.4
150517567,0,0.1
628257755,0,0.3
1135386147,0,0.3
1114646704,0,0.3
1197352298,0,1
2
306851320,0,0.3
1855843024,0,0.3
364228444,0,0.3
574682290,0,0.3
1891252715,0,1
9
566112132,0,0.3
2013725218,0,1
7
1063880569,0,0.3
870305000,0,0.3
1869470124,0,0.3
861109485,0,0.4
1336194465,0,0.3
1950955939,0,0.2
1322623287,0,0.4
1909850543,0,0.3
2141153674,0,0.3
222028828,0,0.2
1554725062,0,0.2
703550253,0,0.3
1042517543,0,1
9
376696776,0,0.3
1665204916,0,0.3
1763794427,0,0.2
1199680559,0,1
9
859310840,0,1
9
1782436840,0,1
9
1292850339,0,0.1
1369520631,0,0.3
811742698,0,1
5
672032919,0,1
9
1566288819,0,0.3
1025533459,0,0.3
67874133,0,0.3
1992576590,0,1
9
1391927494,0,0.1
1107096180,0,0.4
272312086,0,0.2
297785900,0,0.3
110341087,0,1
9
1010528946,0,0.3
1287859999,0,0.4
478034945,0,0.3
364319529,0,0.2
111387570,0,0.3
421825361,0,1
9
1204754116,0,0.3
1817049764,0,0.2
226723382,0,0.3
1088590930,0,0.2
1162088421,0,0.3
1398295499,0,0.3
193552063,0,0.3
201690613,0,0.3
1111800030,0,0.3
1028363610,0,0.3
971899228,0,1
9
362575055,0,0.3
485560280,0,0.3
442482781,0,0.4
831099451,0,0.3
1610120709,0,0.2
1663568111,0,0.3
1396768681,0,0.3
817572761,0,0.3
1131359211,0,0.3
1113331867,0,0.3
2115115464,0,1
2
1965421244,0,1
9
1572255140,0,0.3
791698927,0,0.2
1750829613,0,0.2
1910300925,0,0.9
461273879,0,0.4
1341443181,0,1
9
1451042659,0,0.2
100603786,0,1
9
1538128223,0,1
9
1773595097,0,0.4
1887665154,0,0.3
29777560,0,1
9
217161528,0,0.3
1853101996,0,0.3
873199181,0,0.3
1438865740,0,0.3
198619204,0,0.3
1262486766,0,0.4
2060975266,0,1
9
1501830323,0,0.4
1431419379,0,1
9
1738909365,0,0.3
1122336503,0,0.3
1343606042,0,1
2
310242589,0,0.1
1872666833,0,0.2
855636226,0,0.3
713355511,0,0.3
547407330,0,0.3
2037335344,0,0.3
1155465115,0,0.3
270754552,0,0.4
1020406649,0,1
9
1584710873,0,0.3
692981712,0,0.3
96617457,0,0.4
590335821,0,0.4
1939964443,0,0.3
76593093,0,0.3
284327308,0,0.3
1435001171,0,0.3
1821066342,0,0.3
1917104697,0,0.3
10901063,0,0.3
2115227667,0,1
9
601385644,0,0.3
1388803074,0,1
9
1104627321,0,0.3
2017881519,0,0.5
950881304,0,0.3
1295166342,0,0.1
1642548899,0,0.3
1304811783,0,0.3
1720185677,0,0.4
1934660183,0,0.3
1372261796,0,0.4
1447395528,0,1
9
67974802,0,0.3
1238498976,0,0.1
2138982933,0,1
9
196095815,0,1
2
333582338,0,0.4
1472576335,0,0.3
619290071,0,0.4
1675575223,0,0.3
2083149517,0,0.3
35079296,0,1
1390865725,0,1
937558955,0,0.3
35218189,0,1
2004504234,0,0.4
5954166,0,1
207621703,0,0.3
37840187,0,1
411522957,0,0.2
42767057,0,1
1960709859,0,0.3
83555567,0,1
212295100,0,0.3
5376088,0,1
695748720,0,0.2
3360099,0,1
752392754,0,0.3
69400346,0,1
64564349,0,1
2032454154,0,0.3
09946277,0,1
1184726095,0,0.3
15209188,0,1
1025125849,0,0.3
2474976,0,0.2
84214677,0,1
327727208,0,0.3
54749154,0,1
1329202900,0,0.3
7490000,0,1
394633074,0,0.6
87776787,0,0.3
6684278,0,1
1892430639,0,0.3
30539036,0,0.2
9517445,0,1
1003463633,0,0.2
84167637,0,1
964445884,0,1
950390868,0,0.4
67040926,0,1
1048938329,0,0.3
9908538,0,0.3
7180529,0,1
726371155,0,0.2
5277883,0,1
945117276,0,0.3
98487330,0,1
966618017,0,0.4
8469911,0,0.3
03980519,0,0.2
4101839,0,1
2142757034,0,0.3
17226057,0,0.3
80321648,0,1
1841585795,0,0.3
5791694,0,0.3
9037710,0,1
1931513970,0,0.3
658094,0,0.2
17876982,0,1
428903682,0,0.3
2532621,0,1
739273303,0,0.2
0563072,0,1
1277278674,0,0.2
45897490,0,1
86086317,0,0.3
87235624,0,1
2053999932,0,0.3
3615949,0,1
896551633,0,1
764851988,0,1
775056794,0,0.2
76714674,0,1
936621968,0,0.3
14887560,0,1
1309383303,0,0.3
1387902,0,1
1450573622,0,0.3
76911340,0,0.3
55371254,0,1
309766496,0,0.3
31565220,0,1
1779451238,0,1
2
18041598,0,1
805251743,0,0.3
16953165,0,1
172623403,0,0.3
43457914,0,1
1985433483,0,1
968338082,0,0.2
4872353,0,1
213952386,0,0.2
7451659,0,1
1564003050,0,0.2
66235189,0,1
568122272,0,0.2
46811305,0,1
354367395,0,0.3
2139932,0,1
1655035325,0,0.3
50003033,0,0.3
2936784,0,1
2081362124,0,0.3
5495367,0,1
1597848432,0,0.3
6716465,0,1
1646478179,0,0.3
50621862,0,1
503458793,0,1
1472713773,0,0.3
02943003,0,0.2
14710647,0,1
1521740435,0,0.2
50148346,0,1
1117142618,0,0.3
77849958,0,1
1999038585,0,0.3
90598089,0,0.2
9429649,0,1
568275358,0,0.3
1746410,0,1
978587665,0,1
78012497,0,0.3
5745791,0,0.3
79015720,0,0.3
191653,0,1
1953161956,0,0.4
2403134,0,1
659639006,0,1
2000033062,0,0.2
07712995,0,1
1670372305,0,1
927376882,0,0.2
0821396,0,1
1850612763,0,0.2
8647283,0,1
878273679,0,1
674402557,0,0.3
2160379,0,1
878777377,0,0.3
26929416,0,0.2
42930164,0,1
419481884,0,0.3
775474,0,1
10150109,0,0.2
86418627,0,1
124666328,0,0.3
14829150,0,0.3
5375861,0,1
1111088131,0,0.4
4110991,0,1
259488863,0,0.2
260289,0,1
389040743,0,0.2
2203759,0,1
777720504,0,0.2
3309587,0,1
2108785490,0,0.4
64415775,0,1
342146590,0,0.2
26247643,0,1
1166437685,0,0.4
83213486,0,0.3
49757806,0,1
1956297539,0,1
352406219,0,0.3
94320152,0,1
1763360602,0,0.3
92720083,0,1
1113675743,0,0.3
9725352,0,0.2
0365981,0,1
1605908235,0,0.3
37390358,0,0.3
2353198,0,1
2089816339,0,0.3
0618996,0,1
628974580,0,0.3
76941062,0,1
1744161708,0,0.3
756851,0,1
1387036159,0,0.3
0759355,0,1
505593010,0,1
2
0613202,0,1
327254586,0,0.3
76088411,0,1
1212220435,0,0.2
1810563,0,1
824272813,0,0.2
1869343,0,1
1835342733,0,1
2
89914410,0,1
897534569,0,0.3
2019540,0,0.2
9568616,0,1
629593614,0,0.1
33938701,0,1
1031126087,0,0.4
23804486,0,1
983631233,0,1
612816071,0,0.4
33114544,0,1
257009719,0,0.3
1519934,0,1
689442530,0,0.4
64180570,0,0.3
1110115,0,1
1610009097,0,0.3
245562,0,1
654887343,0,1
959162035,0,0.4
4515334,0,0.2
61250573,0,1
388450127,0,0.3
6947386,0,1
292218004,0,0.3
19382894,0,1
629580952,0,0.3
79820114,0,1
1538026652,0,1
952062949,0,0.2
23089412,0,1
1858721860,0,0.3
9997301,0,1
1090438014,0,0.2
5792349,0,1
988506952,0,1
460686763,0,0.3
34296630,0,1
2018373832,0,0.3
60281936,0,1
144874089,0,1
8
10681417,0,1
1089966067,0,0.3
70090192,0,1
430253414,0,1
1544617505,0,0.3
5201937,0,1
992028067,0,0.3
9980538,0,1
30387226,0,0.4
9304465,0,1
1973521090,0,0.1
77288820,0,1
1928189300,0,0.3
797565,0,1
387346491,0,0.2
7066249,0,1
1977648522,0,0.3
05210525,0,0.5
3691761,0,1
1192707556,0,0.4
26250262,0,0.2
00474762,0,1
266222407,0,1
1904251768,0,0.3
6994985,0,0.2
07895021,0,1
1454580282,0,0.4
71735990,0,1
593209441,0,0.3
15935710,0,1
1211721386,0,0.3
61730690,0,1
1137949908,0,0.3
54844049,0,1
1813511382,0,0.5
15207829,0,1
1756915667,0,0.3
7635325,0,1
570840516,0,0.3
79529128,0,1
120306710,0,0.3
4602408,0,1
476564285,0,0.3
3689685,0,1
1242754098,0,0.6
9517445,0,0.2
1346811305,0,0.3
1714710647,0,0.4
52775474,0,1
2
1735079296,0,0.2
1435218189,0,0.2
1637840187,0,0.3
1442767057,0,0.3
145376088,0,0.3
413360099,0,0.3
1269400346,0,0.2
1609946277,0,0.3
1254749154,0,0.4
857490000,0,0.2
696947386,0,1
2
1267040926,0,0.3
437180529,0,0.3
245277883,0,0.3
192532621,0,0.4
1745897490,0,0.3
1987235624,0,0.3
953691761,0,1
2
1316953165,0,0.3
1343457914,0,0.3
1500474762,0,0.2
524872353,0,0.3
387451659,0,0.3
1266235189,0,0.3
672139932,0,0.3
655495367,0,0.4
616716465,0,0.2
1750621862,0,0.3
1950148346,0,0.3
1277849958,0,0.3
75191653,0,0.3
780821396,0,0.3
882160379,0,0.3
1748157307,0,0.4
1386418627,0,0.3
495375861,0,0.3
12260289,0,0.3
612203759,0,0.3
683309587,0,0.3
1464415775,0,0.3
830365981,0,0.3
612353198,0,0.4
500618996,0,0.3
1376941062,0,0.3
740759355,0,0.3
110613202,0,0.3
1776088411,0,0.3
991810563,0,0.2
321869343,0,0.3
1189914410,0,0.3
1883555567,0,0.4
1233114544,0,0.4
151519934,0,0.2
541110115,0,0.3
242474976,0,0.3
75245562,0,0.3
1830539036,0,0.2
1823089412,0,0.2
745792349,0,0.1
1634296630,0,1
2
1698487330,0,0.3
1410681417,0,0.3
1970090192,0,0.3
2003980519,0,0.2
1280321648,0,0.4
1777288820,0,1
2
40658094,0,0.2
1976714674,0,0.4
1018041598,0,0.4
1907895021,0,0.3
1702943003,0,0.2
1390598089,0,0.2
499429649,0,0.4
861746410,0,0.4
1615935710,0,0.4
1061730690,0,0.3
162403134,0,0.3
1654844049,0,0.3
2026929416,0,0.3
1142930164,0,0.4
777635325,0,0.2
1749757806,0,0.4
1179529128,0,0.3
849725352,0,0.2
483689685,0,0.4
202019540,0,0.3
174515334,0,0.2
340563072,0,0.5
1626250262,0,1
2
35756851,0,0.5
1687776787,0,0.3
349517445,0,0.2
378469911,0,0.3
1523224407,0,0.2
1683213486,0,0.3
1364180570,0,1
6
1608340634,0,1
845954166,0,1
1315209188,0,1
1184214677,0,1
356684278,0,0.3
84167637,0,1
278722862,0,1
864101839,0,0.3
9037710,0,1
1617876982,0,0.3
3615949,0,1
1814887560,0,1
481387902,0,1
1455371254,0,0.3
31565220,0,0.3
2936784,0,0.3
07712995,0,1
738647283,0,0.3
4110991,0,1
1326247643,0,1
729568616,0,1
1633938701,0,0.7
23804486,0,0.3
61250573,0,1
1019382894,0,0.3
79820114,0,0.3
9997301,0,1
1760281936,0,0.3
5201937,0,0.3
9980538,0,1
769304465,0,0.3
7066249,0,1
1671735990,0,1
1715207829,0,1
2091399260,0,0.3
1717226057,0,0.3
1979015720,0,0.3
1884167637,0,1
294110991,0,0.3
61250573,0,0.4
9997301,0,1
767066249,0,0.3
4602408,0,1
669908538,0,0.4
339980538,0,0.3
159037710,0,0.3
07712995,0,1
2092720083,0,1
554602408,0,0.3
77987249,0,0.3
1414829150,0,0.3
2105210525,0,0.4
2071109128,0,0.3
2120948400,0,0.3
707454903,0,0.3
1907712995,0,0.3
717985,0,0.5
235745791,0,0.3
37717985,0,0.3
982936784,0,0.3
576994985,0,0.2
405201937,0,0.3
959997301,0,1
31797565,0,1
1761250573,0,0.3
1331565220,0,0.3
503615949,0,1
825791694,0,0.3
1174395004,0,0.2
1988031054,0,0.3
1777987249,0,0.2
1312463291,0,0.3
2137390358,0,0.3
1279820114,0,0.3
1719139941,0,0.2
1176911340,0,0.3
1750003033,0,0.3
1623804486,0,0.3
